mean_e0,mean_e1,mean_e2,mean_e3,mean_e4,mean_e5,mean_e6,mean_e7,mean_e8,mean_e9,mean_e10,mean_e11,mean_e12,mean_e13,mean_e14,mean_e15,mean_e16,mean_e17,mean_e18,mean_e19,mean_e20,mean_e21,mean_e22,mean_e23,mean_e24,mean_e25,mean_e26,mean_e27,mean_e28,mean_e29,mean_e30,mean_e31,mean_e32,mean_e33,mean_e34,mean_e35,mean_e36,mean_e37,mean_e38,mean_e39,mean_e40,mean_e41,mean_e42,mean_e43,mean_e44,mean_e45,mean_e46,mean_e47,mean_e48,mean_e49,mean_e50,mean_e51,mean_e52,mean_e53,mean_e54,mean_e55,mean_e56,mean_e57,mean_e58,mean_e59,mean_e60,mean_e61,mean_e62,mean_e63,mean_e64,mean_e65,mean_e66,mean_e67,mean_e68,mean_e69,mean_e70,mean_e71,mean_e72,mean_e73,mean_e74,mean_e75,mean_e76,mean_e77,mean_e78,mean_e79,mean_e80,mean_e81,mean_e82,mean_e83,mean_e84,mean_e85,mean_e86,mean_e87,mean_e88,mean_e89,mean_e90,mean_e91,mean_e92,mean_e93,mean_e94,mean_e95,mean_e96,mean_e97,mean_e98,mean_e99,mean_e100,mean_e101,mean_e102,mean_e103,mean_e104,mean_e105,mean_e106,mean_e107,mean_e108,mean_e109,mean_e110,mean_e111,mean_e112,mean_e113,mean_e114,mean_e115,mean_e116,mean_e117,mean_e118,mean_e119,mean_e120,mean_e121,mean_e122,mean_e123,mean_e124,mean_e125,mean_e126,mean_e127,mean_e128,mean_e129,mean_e130,mean_e131,mean_e132,mean_e133,mean_e134,mean_e135,mean_e136,mean_e137,mean_e138,mean_e139,mean_e140,mean_e141,mean_e142,mean_e143,mean_e144,mean_e145,mean_e146,mean_e147,mean_e148,mean_e149,mean_e150,mean_e151,mean_e152,mean_e153,mean_e154,mean_e155,mean_e156,mean_e157,mean_e158,mean_e159,mean_e160,mean_e161,mean_e162,mean_e163,mean_e164,mean_e165,mean_e166,mean_e167,mean_e168,mean_e169,mean_e170,mean_e171,mean_e172,mean_e173,mean_e174,mean_e175,mean_e176,mean_e177,mean_e178,mean_e179,mean_e180,mean_e181,mean_e182,mean_e183,mean_e184,mean_e185,mean_e186,mean_e187,mean_e188,mean_e189,mean_e190,mean_e191,mean_e192,mean_e193,mean_e194,mean_e195,mean_e196,mean_e197,mean_e198,mean_e199,mean_e200,mean_e201,mean_e202,mean_e203,mean_e204,mean_e205,mean_e206,mean_e207,mean_e208,mean_e209,mean_e210,mean_e211,mean_e212,mean_e213,mean_e214,mean_e215,mean_e216,mean_e217,mean_e218,mean_e219,mean_e220,mean_e221,mean_e222,mean_e223,mean_e224,mean_e225,mean_e226,mean_e227,mean_e228,mean_e229,mean_e230,mean_e231,mean_e232,mean_e233,mean_e234,mean_e235,mean_e236,mean_e237,mean_e238,mean_e239,mean_e240,mean_e241,mean_e242,mean_e243,mean_e244,mean_e245,mean_e246,mean_e247,mean_e248,mean_e249,mean_e250,mean_e251,mean_e252,mean_e253,mean_e254,mean_e255,mean_e256,mean_e257,mean_e258,mean_e259,mean_e260,mean_e261,mean_e262,mean_e263,mean_e264,mean_e265,mean_e266,mean_e267,mean_e268,mean_e269,mean_e270,mean_e271,mean_e272,mean_e273,mean_e274,mean_e275,mean_e276,mean_e277,mean_e278,mean_e279,mean_e280,mean_e281,mean_e282,mean_e283,mean_e284,mean_e285,mean_e286,mean_e287,mean_e288,mean_e289,mean_e290,mean_e291,mean_e292,mean_e293,mean_e294,mean_e295,mean_e296,mean_e297,mean_e298,mean_e299,mean_e300,mean_e301,mean_e302,mean_e303,mean_e304,mean_e305,mean_e306,mean_e307,mean_e308,mean_e309,mean_e310,mean_e311,mean_e312,mean_e313,mean_e314,mean_e315,mean_e316,mean_e317,mean_e318,mean_e319,mean_e320,mean_e321,mean_e322,mean_e323,mean_e324,mean_e325,mean_e326,mean_e327,mean_e328,mean_e329,mean_e330,mean_e331,mean_e332,mean_e333,mean_e334,mean_e335,mean_e336,mean_e337,mean_e338,mean_e339,mean_e340,mean_e341,mean_e342,mean_e343,mean_e344,mean_e345,mean_e346,mean_e347,mean_e348,mean_e349,mean_e350,mean_e351,mean_e352,mean_e353,mean_e354,mean_e355,mean_e356,mean_e357,mean_e358,mean_e359,mean_e360,mean_e361,mean_e362,mean_e363,mean_e364,mean_e365,mean_e366,mean_e367,mean_e368,mean_e369,mean_e370,mean_e371,mean_e372,mean_e373,mean_e374,mean_e375,mean_e376,mean_e377,mean_e378,mean_e379,mean_e380,mean_e381,mean_e382,mean_e383,std_e0,std_e1,std_e2,std_e3,std_e4,std_e5,std_e6,std_e7,std_e8,std_e9,std_e10,std_e11,std_e12,std_e13,std_e14,std_e15,std_e16,std_e17,std_e18,std_e19,std_e20,std_e21,std_e22,std_e23,std_e24,std_e25,std_e26,std_e27,std_e28,std_e29,std_e30,std_e31,std_e32,std_e33,std_e34,std_e35,std_e36,std_e37,std_e38,std_e39,std_e40,std_e41,std_e42,std_e43,std_e44,std_e45,std_e46,std_e47,std_e48,std_e49,std_e50,std_e51,std_e52,std_e53,std_e54,std_e55,std_e56,std_e57,std_e58,std_e59,std_e60,std_e61,std_e62,std_e63,std_e64,std_e65,std_e66,std_e67,std_e68,std_e69,std_e70,std_e71,std_e72,std_e73,std_e74,std_e75,std_e76,std_e77,std_e78,std_e79,std_e80,std_e81,std_e82,std_e83,std_e84,std_e85,std_e86,std_e87,std_e88,std_e89,std_e90,std_e91,std_e92,std_e93,std_e94,std_e95,std_e96,std_e97,std_e98,std_e99,std_e100,std_e101,std_e102,std_e103,std_e104,std_e105,std_e106,std_e107,std_e108,std_e109,std_e110,std_e111,std_e112,std_e113,std_e114,std_e115,std_e116,std_e117,std_e118,std_e119,std_e120,std_e121,std_e122,std_e123,std_e124,std_e125,std_e126,std_e127,std_e128,std_e129,std_e130,std_e131,std_e132,std_e133,std_e134,std_e135,std_e136,std_e137,std_e138,std_e139,std_e140,std_e141,std_e142,std_e143,std_e144,std_e145,std_e146,std_e147,std_e148,std_e149,std_e150,std_e151,std_e152,std_e153,std_e154,std_e155,std_e156,std_e157,std_e158,std_e159,std_e160,std_e161,std_e162,std_e163,std_e164,std_e165,std_e166,std_e167,std_e168,std_e169,std_e170,std_e171,std_e172,std_e173,std_e174,std_e175,std_e176,std_e177,std_e178,std_e179,std_e180,std_e181,std_e182,std_e183,std_e184,std_e185,std_e186,std_e187,std_e188,std_e189,std_e190,std_e191,std_e192,std_e193,std_e194,std_e195,std_e196,std_e197,std_e198,std_e199,std_e200,std_e201,std_e202,std_e203,std_e204,std_e205,std_e206,std_e207,std_e208,std_e209,std_e210,std_e211,std_e212,std_e213,std_e214,std_e215,std_e216,std_e217,std_e218,std_e219,std_e220,std_e221,std_e222,std_e223,std_e224,std_e225,std_e226,std_e227,std_e228,std_e229,std_e230,std_e231,std_e232,std_e233,std_e234,std_e235,std_e236,std_e237,std_e238,std_e239,std_e240,std_e241,std_e242,std_e243,std_e244,std_e245,std_e246,std_e247,std_e248,std_e249,std_e250,std_e251,std_e252,std_e253,std_e254,std_e255,std_e256,std_e257,std_e258,std_e259,std_e260,std_e261,std_e262,std_e263,std_e264,std_e265,std_e266,std_e267,std_e268,std_e269,std_e270,std_e271,std_e272,std_e273,std_e274,std_e275,std_e276,std_e277,std_e278,std_e279,std_e280,std_e281,std_e282,std_e283,std_e284,std_e285,std_e286,std_e287,std_e288,std_e289,std_e290,std_e291,std_e292,std_e293,std_e294,std_e295,std_e296,std_e297,std_e298,std_e299,std_e300,std_e301,std_e302,std_e303,std_e304,std_e305,std_e306,std_e307,std_e308,std_e309,std_e310,std_e311,std_e312,std_e313,std_e314,std_e315,std_e316,std_e317,std_e318,std_e319,std_e320,std_e321,std_e322,std_e323,std_e324,std_e325,std_e326,std_e327,std_e328,std_e329,std_e330,std_e331,std_e332,std_e333,std_e334,std_e335,std_e336,std_e337,std_e338,std_e339,std_e340,std_e341,std_e342,std_e343,std_e344,std_e345,std_e346,std_e347,std_e348,std_e349,std_e350,std_e351,std_e352,std_e353,std_e354,std_e355,std_e356,std_e357,std_e358,std_e359,std_e360,std_e361,std_e362,std_e363,std_e364,std_e365,std_e366,std_e367,std_e368,std_e369,std_e370,std_e371,std_e372,std_e373,std_e374,std_e375,std_e376,std_e377,std_e378,std_e379,std_e380,std_e381,std_e382,std_e383,max_e0,max_e1,max_e2,max_e3,max_e4,max_e5,max_e6,max_e7,max_e8,max_e9,max_e10,max_e11,max_e12,max_e13,max_e14,max_e15,max_e16,max_e17,max_e18,max_e19,max_e20,max_e21,max_e22,max_e23,max_e24,max_e25,max_e26,max_e27,max_e28,max_e29,max_e30,max_e31,max_e32,max_e33,max_e34,max_e35,max_e36,max_e37,max_e38,max_e39,max_e40,max_e41,max_e42,max_e43,max_e44,max_e45,max_e46,max_e47,max_e48,max_e49,max_e50,max_e51,max_e52,max_e53,max_e54,max_e55,max_e56,max_e57,max_e58,max_e59,max_e60,max_e61,max_e62,max_e63,max_e64,max_e65,max_e66,max_e67,max_e68,max_e69,max_e70,max_e71,max_e72,max_e73,max_e74,max_e75,max_e76,max_e77,max_e78,max_e79,max_e80,max_e81,max_e82,max_e83,max_e84,max_e85,max_e86,max_e87,max_e88,max_e89,max_e90,max_e91,max_e92,max_e93,max_e94,max_e95,max_e96,max_e97,max_e98,max_e99,max_e100,max_e101,max_e102,max_e103,max_e104,max_e105,max_e106,max_e107,max_e108,max_e109,max_e110,max_e111,max_e112,max_e113,max_e114,max_e115,max_e116,max_e117,max_e118,max_e119,max_e120,max_e121,max_e122,max_e123,max_e124,max_e125,max_e126,max_e127,max_e128,max_e129,max_e130,max_e131,max_e132,max_e133,max_e134,max_e135,max_e136,max_e137,max_e138,max_e139,max_e140,max_e141,max_e142,max_e143,max_e144,max_e145,max_e146,max_e147,max_e148,max_e149,max_e150,max_e151,max_e152,max_e153,max_e154,max_e155,max_e156,max_e157,max_e158,max_e159,max_e160,max_e161,max_e162,max_e163,max_e164,max_e165,max_e166,max_e167,max_e168,max_e169,max_e170,max_e171,max_e172,max_e173,max_e174,max_e175,max_e176,max_e177,max_e178,max_e179,max_e180,max_e181,max_e182,max_e183,max_e184,max_e185,max_e186,max_e187,max_e188,max_e189,max_e190,max_e191,max_e192,max_e193,max_e194,max_e195,max_e196,max_e197,max_e198,max_e199,max_e200,max_e201,max_e202,max_e203,max_e204,max_e205,max_e206,max_e207,max_e208,max_e209,max_e210,max_e211,max_e212,max_e213,max_e214,max_e215,max_e216,max_e217,max_e218,max_e219,max_e220,max_e221,max_e222,max_e223,max_e224,max_e225,max_e226,max_e227,max_e228,max_e229,max_e230,max_e231,max_e232,max_e233,max_e234,max_e235,max_e236,max_e237,max_e238,max_e239,max_e240,max_e241,max_e242,max_e243,max_e244,max_e245,max_e246,max_e247,max_e248,max_e249,max_e250,max_e251,max_e252,max_e253,max_e254,max_e255,max_e256,max_e257,max_e258,max_e259,max_e260,max_e261,max_e262,max_e263,max_e264,max_e265,max_e266,max_e267,max_e268,max_e269,max_e270,max_e271,max_e272,max_e273,max_e274,max_e275,max_e276,max_e277,max_e278,max_e279,max_e280,max_e281,max_e282,max_e283,max_e284,max_e285,max_e286,max_e287,max_e288,max_e289,max_e290,max_e291,max_e292,max_e293,max_e294,max_e295,max_e296,max_e297,max_e298,max_e299,max_e300,max_e301,max_e302,max_e303,max_e304,max_e305,max_e306,max_e307,max_e308,max_e309,max_e310,max_e311,max_e312,max_e313,max_e314,max_e315,max_e316,max_e317,max_e318,max_e319,max_e320,max_e321,max_e322,max_e323,max_e324,max_e325,max_e326,max_e327,max_e328,max_e329,max_e330,max_e331,max_e332,max_e333,max_e334,max_e335,max_e336,max_e337,max_e338,max_e339,max_e340,max_e341,max_e342,max_e343,max_e344,max_e345,max_e346,max_e347,max_e348,max_e349,max_e350,max_e351,max_e352,max_e353,max_e354,max_e355,max_e356,max_e357,max_e358,max_e359,max_e360,max_e361,max_e362,max_e363,max_e364,max_e365,max_e366,max_e367,max_e368,max_e369,max_e370,max_e371,max_e372,max_e373,max_e374,max_e375,max_e376,max_e377,max_e378,max_e379,max_e380,max_e381,max_e382,max_e383,min_e0,min_e1,min_e2,min_e3,min_e4,min_e5,min_e6,min_e7,min_e8,min_e9,min_e10,min_e11,min_e12,min_e13,min_e14,min_e15,min_e16,min_e17,min_e18,min_e19,min_e20,min_e21,min_e22,min_e23,min_e24,min_e25,min_e26,min_e27,min_e28,min_e29,min_e30,min_e31,min_e32,min_e33,min_e34,min_e35,min_e36,min_e37,min_e38,min_e39,min_e40,min_e41,min_e42,min_e43,min_e44,min_e45,min_e46,min_e47,min_e48,min_e49,min_e50,min_e51,min_e52,min_e53,min_e54,min_e55,min_e56,min_e57,min_e58,min_e59,min_e60,min_e61,min_e62,min_e63,min_e64,min_e65,min_e66,min_e67,min_e68,min_e69,min_e70,min_e71,min_e72,min_e73,min_e74,min_e75,min_e76,min_e77,min_e78,min_e79,min_e80,min_e81,min_e82,min_e83,min_e84,min_e85,min_e86,min_e87,min_e88,min_e89,min_e90,min_e91,min_e92,min_e93,min_e94,min_e95,min_e96,min_e97,min_e98,min_e99,min_e100,min_e101,min_e102,min_e103,min_e104,min_e105,min_e106,min_e107,min_e108,min_e109,min_e110,min_e111,min_e112,min_e113,min_e114,min_e115,min_e116,min_e117,min_e118,min_e119,min_e120,min_e121,min_e122,min_e123,min_e124,min_e125,min_e126,min_e127,min_e128,min_e129,min_e130,min_e131,min_e132,min_e133,min_e134,min_e135,min_e136,min_e137,min_e138,min_e139,min_e140,min_e141,min_e142,min_e143,min_e144,min_e145,min_e146,min_e147,min_e148,min_e149,min_e150,min_e151,min_e152,min_e153,min_e154,min_e155,min_e156,min_e157,min_e158,min_e159,min_e160,min_e161,min_e162,min_e163,min_e164,min_e165,min_e166,min_e167,min_e168,min_e169,min_e170,min_e171,min_e172,min_e173,min_e174,min_e175,min_e176,min_e177,min_e178,min_e179,min_e180,min_e181,min_e182,min_e183,min_e184,min_e185,min_e186,min_e187,min_e188,min_e189,min_e190,min_e191,min_e192,min_e193,min_e194,min_e195,min_e196,min_e197,min_e198,min_e199,min_e200,min_e201,min_e202,min_e203,min_e204,min_e205,min_e206,min_e207,min_e208,min_e209,min_e210,min_e211,min_e212,min_e213,min_e214,min_e215,min_e216,min_e217,min_e218,min_e219,min_e220,min_e221,min_e222,min_e223,min_e224,min_e225,min_e226,min_e227,min_e228,min_e229,min_e230,min_e231,min_e232,min_e233,min_e234,min_e235,min_e236,min_e237,min_e238,min_e239,min_e240,min_e241,min_e242,min_e243,min_e244,min_e245,min_e246,min_e247,min_e248,min_e249,min_e250,min_e251,min_e252,min_e253,min_e254,min_e255,min_e256,min_e257,min_e258,min_e259,min_e260,min_e261,min_e262,min_e263,min_e264,min_e265,min_e266,min_e267,min_e268,min_e269,min_e270,min_e271,min_e272,min_e273,min_e274,min_e275,min_e276,min_e277,min_e278,min_e279,min_e280,min_e281,min_e282,min_e283,min_e284,min_e285,min_e286,min_e287,min_e288,min_e289,min_e290,min_e291,min_e292,min_e293,min_e294,min_e295,min_e296,min_e297,min_e298,min_e299,min_e300,min_e301,min_e302,min_e303,min_e304,min_e305,min_e306,min_e307,min_e308,min_e309,min_e310,min_e311,min_e312,min_e313,min_e314,min_e315,min_e316,min_e317,min_e318,min_e319,min_e320,min_e321,min_e322,min_e323,min_e324,min_e325,min_e326,min_e327,min_e328,min_e329,min_e330,min_e331,min_e332,min_e333,min_e334,min_e335,min_e336,min_e337,min_e338,min_e339,min_e340,min_e341,min_e342,min_e343,min_e344,min_e345,min_e346,min_e347,min_e348,min_e349,min_e350,min_e351,min_e352,min_e353,min_e354,min_e355,min_e356,min_e357,min_e358,min_e359,min_e360,min_e361,min_e362,min_e363,min_e364,min_e365,min_e366,min_e367,min_e368,min_e369,min_e370,min_e371,min_e372,min_e373,min_e374,min_e375,min_e376,min_e377,min_e378,min_e379,min_e380,min_e381,min_e382,min_e383,first_e0,first_e1,first_e2,first_e3,first_e4,first_e5,first_e6,first_e7,first_e8,first_e9,first_e10,first_e11,first_e12,first_e13,first_e14,first_e15,first_e16,first_e17,first_e18,first_e19,first_e20,first_e21,first_e22,first_e23,first_e24,first_e25,first_e26,first_e27,first_e28,first_e29,first_e30,first_e31,first_e32,first_e33,first_e34,first_e35,first_e36,first_e37,first_e38,first_e39,first_e40,first_e41,first_e42,first_e43,first_e44,first_e45,first_e46,first_e47,first_e48,first_e49,first_e50,first_e51,first_e52,first_e53,first_e54,first_e55,first_e56,first_e57,first_e58,first_e59,first_e60,first_e61,first_e62,first_e63,first_e64,first_e65,first_e66,first_e67,first_e68,first_e69,first_e70,first_e71,first_e72,first_e73,first_e74,first_e75,first_e76,first_e77,first_e78,first_e79,first_e80,first_e81,first_e82,first_e83,first_e84,first_e85,first_e86,first_e87,first_e88,first_e89,first_e90,first_e91,first_e92,first_e93,first_e94,first_e95,first_e96,first_e97,first_e98,first_e99,first_e100,first_e101,first_e102,first_e103,first_e104,first_e105,first_e106,first_e107,first_e108,first_e109,first_e110,first_e111,first_e112,first_e113,first_e114,first_e115,first_e116,first_e117,first_e118,first_e119,first_e120,first_e121,first_e122,first_e123,first_e124,first_e125,first_e126,first_e127,first_e128,first_e129,first_e130,first_e131,first_e132,first_e133,first_e134,first_e135,first_e136,first_e137,first_e138,first_e139,first_e140,first_e141,first_e142,first_e143,first_e144,first_e145,first_e146,first_e147,first_e148,first_e149,first_e150,first_e151,first_e152,first_e153,first_e154,first_e155,first_e156,first_e157,first_e158,first_e159,first_e160,first_e161,first_e162,first_e163,first_e164,first_e165,first_e166,first_e167,first_e168,first_e169,first_e170,first_e171,first_e172,first_e173,first_e174,first_e175,first_e176,first_e177,first_e178,first_e179,first_e180,first_e181,first_e182,first_e183,first_e184,first_e185,first_e186,first_e187,first_e188,first_e189,first_e190,first_e191,first_e192,first_e193,first_e194,first_e195,first_e196,first_e197,first_e198,first_e199,first_e200,first_e201,first_e202,first_e203,first_e204,first_e205,first_e206,first_e207,first_e208,first_e209,first_e210,first_e211,first_e212,first_e213,first_e214,first_e215,first_e216,first_e217,first_e218,first_e219,first_e220,first_e221,first_e222,first_e223,first_e224,first_e225,first_e226,first_e227,first_e228,first_e229,first_e230,first_e231,first_e232,first_e233,first_e234,first_e235,first_e236,first_e237,first_e238,first_e239,first_e240,first_e241,first_e242,first_e243,first_e244,first_e245,first_e246,first_e247,first_e248,first_e249,first_e250,first_e251,first_e252,first_e253,first_e254,first_e255,first_e256,first_e257,first_e258,first_e259,first_e260,first_e261,first_e262,first_e263,first_e264,first_e265,first_e266,first_e267,first_e268,first_e269,first_e270,first_e271,first_e272,first_e273,first_e274,first_e275,first_e276,first_e277,first_e278,first_e279,first_e280,first_e281,first_e282,first_e283,first_e284,first_e285,first_e286,first_e287,first_e288,first_e289,first_e290,first_e291,first_e292,first_e293,first_e294,first_e295,first_e296,first_e297,first_e298,first_e299,first_e300,first_e301,first_e302,first_e303,first_e304,first_e305,first_e306,first_e307,first_e308,first_e309,first_e310,first_e311,first_e312,first_e313,first_e314,first_e315,first_e316,first_e317,first_e318,first_e319,first_e320,first_e321,first_e322,first_e323,first_e324,first_e325,first_e326,first_e327,first_e328,first_e329,first_e330,first_e331,first_e332,first_e333,first_e334,first_e335,first_e336,first_e337,first_e338,first_e339,first_e340,first_e341,first_e342,first_e343,first_e344,first_e345,first_e346,first_e347,first_e348,first_e349,first_e350,first_e351,first_e352,first_e353,first_e354,first_e355,first_e356,first_e357,first_e358,first_e359,first_e360,first_e361,first_e362,first_e363,first_e364,first_e365,first_e366,first_e367,first_e368,first_e369,first_e370,first_e371,first_e372,first_e373,first_e374,first_e375,first_e376,first_e377,first_e378,first_e379,first_e380,first_e381,first_e382,first_e383,last_e0,last_e1,last_e2,last_e3,last_e4,last_e5,last_e6,last_e7,last_e8,last_e9,last_e10,last_e11,last_e12,last_e13,last_e14,last_e15,last_e16,last_e17,last_e18,last_e19,last_e20,last_e21,last_e22,last_e23,last_e24,last_e25,last_e26,last_e27,last_e28,last_e29,last_e30,last_e31,last_e32,last_e33,last_e34,last_e35,last_e36,last_e37,last_e38,last_e39,last_e40,last_e41,last_e42,last_e43,last_e44,last_e45,last_e46,last_e47,last_e48,last_e49,last_e50,last_e51,last_e52,last_e53,last_e54,last_e55,last_e56,last_e57,last_e58,last_e59,last_e60,last_e61,last_e62,last_e63,last_e64,last_e65,last_e66,last_e67,last_e68,last_e69,last_e70,last_e71,last_e72,last_e73,last_e74,last_e75,last_e76,last_e77,last_e78,last_e79,last_e80,last_e81,last_e82,last_e83,last_e84,last_e85,last_e86,last_e87,last_e88,last_e89,last_e90,last_e91,last_e92,last_e93,last_e94,last_e95,last_e96,last_e97,last_e98,last_e99,last_e100,last_e101,last_e102,last_e103,last_e104,last_e105,last_e106,last_e107,last_e108,last_e109,last_e110,last_e111,last_e112,last_e113,last_e114,last_e115,last_e116,last_e117,last_e118,last_e119,last_e120,last_e121,last_e122,last_e123,last_e124,last_e125,last_e126,last_e127,last_e128,last_e129,last_e130,last_e131,last_e132,last_e133,last_e134,last_e135,last_e136,last_e137,last_e138,last_e139,last_e140,last_e141,last_e142,last_e143,last_e144,last_e145,last_e146,last_e147,last_e148,last_e149,last_e150,last_e151,last_e152,last_e153,last_e154,last_e155,last_e156,last_e157,last_e158,last_e159,last_e160,last_e161,last_e162,last_e163,last_e164,last_e165,last_e166,last_e167,last_e168,last_e169,last_e170,last_e171,last_e172,last_e173,last_e174,last_e175,last_e176,last_e177,last_e178,last_e179,last_e180,last_e181,last_e182,last_e183,last_e184,last_e185,last_e186,last_e187,last_e188,last_e189,last_e190,last_e191,last_e192,last_e193,last_e194,last_e195,last_e196,last_e197,last_e198,last_e199,last_e200,last_e201,last_e202,last_e203,last_e204,last_e205,last_e206,last_e207,last_e208,last_e209,last_e210,last_e211,last_e212,last_e213,last_e214,last_e215,last_e216,last_e217,last_e218,last_e219,last_e220,last_e221,last_e222,last_e223,last_e224,last_e225,last_e226,last_e227,last_e228,last_e229,last_e230,last_e231,last_e232,last_e233,last_e234,last_e235,last_e236,last_e237,last_e238,last_e239,last_e240,last_e241,last_e242,last_e243,last_e244,last_e245,last_e246,last_e247,last_e248,last_e249,last_e250,last_e251,last_e252,last_e253,last_e254,last_e255,last_e256,last_e257,last_e258,last_e259,last_e260,last_e261,last_e262,last_e263,last_e264,last_e265,last_e266,last_e267,last_e268,last_e269,last_e270,last_e271,last_e272,last_e273,last_e274,last_e275,last_e276,last_e277,last_e278,last_e279,last_e280,last_e281,last_e282,last_e283,last_e284,last_e285,last_e286,last_e287,last_e288,last_e289,last_e290,last_e291,last_e292,last_e293,last_e294,last_e295,last_e296,last_e297,last_e298,last_e299,last_e300,last_e301,last_e302,last_e303,last_e304,last_e305,last_e306,last_e307,last_e308,last_e309,last_e310,last_e311,last_e312,last_e313,last_e314,last_e315,last_e316,last_e317,last_e318,last_e319,last_e320,last_e321,last_e322,last_e323,last_e324,last_e325,last_e326,last_e327,last_e328,last_e329,last_e330,last_e331,last_e332,last_e333,last_e334,last_e335,last_e336,last_e337,last_e338,last_e339,last_e340,last_e341,last_e342,last_e343,last_e344,last_e345,last_e346,last_e347,last_e348,last_e349,last_e350,last_e351,last_e352,last_e353,last_e354,last_e355,last_e356,last_e357,last_e358,last_e359,last_e360,last_e361,last_e362,last_e363,last_e364,last_e365,last_e366,last_e367,last_e368,last_e369,last_e370,last_e371,last_e372,last_e373,last_e374,last_e375,last_e376,last_e377,last_e378,last_e379,last_e380,last_e381,last_e382,last_e383,slope_e0,slope_e1,slope_e2,slope_e3,slope_e4,slope_e5,slope_e6,slope_e7,slope_e8,slope_e9,slope_e10,slope_e11,slope_e12,slope_e13,slope_e14,slope_e15,slope_e16,slope_e17,slope_e18,slope_e19,slope_e20,slope_e21,slope_e22,slope_e23,slope_e24,slope_e25,slope_e26,slope_e27,slope_e28,slope_e29,slope_e30,slope_e31,slope_e32,slope_e33,slope_e34,slope_e35,slope_e36,slope_e37,slope_e38,slope_e39,slope_e40,slope_e41,slope_e42,slope_e43,slope_e44,slope_e45,slope_e46,slope_e47,slope_e48,slope_e49,slope_e50,slope_e51,slope_e52,slope_e53,slope_e54,slope_e55,slope_e56,slope_e57,slope_e58,slope_e59,slope_e60,slope_e61,slope_e62,slope_e63,slope_e64,slope_e65,slope_e66,slope_e67,slope_e68,slope_e69,slope_e70,slope_e71,slope_e72,slope_e73,slope_e74,slope_e75,slope_e76,slope_e77,slope_e78,slope_e79,slope_e80,slope_e81,slope_e82,slope_e83,slope_e84,slope_e85,slope_e86,slope_e87,slope_e88,slope_e89,slope_e90,slope_e91,slope_e92,slope_e93,slope_e94,slope_e95,slope_e96,slope_e97,slope_e98,slope_e99,slope_e100,slope_e101,slope_e102,slope_e103,slope_e104,slope_e105,slope_e106,slope_e107,slope_e108,slope_e109,slope_e110,slope_e111,slope_e112,slope_e113,slope_e114,slope_e115,slope_e116,slope_e117,slope_e118,slope_e119,slope_e120,slope_e121,slope_e122,slope_e123,slope_e124,slope_e125,slope_e126,slope_e127,slope_e128,slope_e129,slope_e130,slope_e131,slope_e132,slope_e133,slope_e134,slope_e135,slope_e136,slope_e137,slope_e138,slope_e139,slope_e140,slope_e141,slope_e142,slope_e143,slope_e144,slope_e145,slope_e146,slope_e147,slope_e148,slope_e149,slope_e150,slope_e151,slope_e152,slope_e153,slope_e154,slope_e155,slope_e156,slope_e157,slope_e158,slope_e159,slope_e160,slope_e161,slope_e162,slope_e163,slope_e164,slope_e165,slope_e166,slope_e167,slope_e168,slope_e169,slope_e170,slope_e171,slope_e172,slope_e173,slope_e174,slope_e175,slope_e176,slope_e177,slope_e178,slope_e179,slope_e180,slope_e181,slope_e182,slope_e183,slope_e184,slope_e185,slope_e186,slope_e187,slope_e188,slope_e189,slope_e190,slope_e191,slope_e192,slope_e193,slope_e194,slope_e195,slope_e196,slope_e197,slope_e198,slope_e199,slope_e200,slope_e201,slope_e202,slope_e203,slope_e204,slope_e205,slope_e206,slope_e207,slope_e208,slope_e209,slope_e210,slope_e211,slope_e212,slope_e213,slope_e214,slope_e215,slope_e216,slope_e217,slope_e218,slope_e219,slope_e220,slope_e221,slope_e222,slope_e223,slope_e224,slope_e225,slope_e226,slope_e227,slope_e228,slope_e229,slope_e230,slope_e231,slope_e232,slope_e233,slope_e234,slope_e235,slope_e236,slope_e237,slope_e238,slope_e239,slope_e240,slope_e241,slope_e242,slope_e243,slope_e244,slope_e245,slope_e246,slope_e247,slope_e248,slope_e249,slope_e250,slope_e251,slope_e252,slope_e253,slope_e254,slope_e255,slope_e256,slope_e257,slope_e258,slope_e259,slope_e260,slope_e261,slope_e262,slope_e263,slope_e264,slope_e265,slope_e266,slope_e267,slope_e268,slope_e269,slope_e270,slope_e271,slope_e272,slope_e273,slope_e274,slope_e275,slope_e276,slope_e277,slope_e278,slope_e279,slope_e280,slope_e281,slope_e282,slope_e283,slope_e284,slope_e285,slope_e286,slope_e287,slope_e288,slope_e289,slope_e290,slope_e291,slope_e292,slope_e293,slope_e294,slope_e295,slope_e296,slope_e297,slope_e298,slope_e299,slope_e300,slope_e301,slope_e302,slope_e303,slope_e304,slope_e305,slope_e306,slope_e307,slope_e308,slope_e309,slope_e310,slope_e311,slope_e312,slope_e313,slope_e314,slope_e315,slope_e316,slope_e317,slope_e318,slope_e319,slope_e320,slope_e321,slope_e322,slope_e323,slope_e324,slope_e325,slope_e326,slope_e327,slope_e328,slope_e329,slope_e330,slope_e331,slope_e332,slope_e333,slope_e334,slope_e335,slope_e336,slope_e337,slope_e338,slope_e339,slope_e340,slope_e341,slope_e342,slope_e343,slope_e344,slope_e345,slope_e346,slope_e347,slope_e348,slope_e349,slope_e350,slope_e351,slope_e352,slope_e353,slope_e354,slope_e355,slope_e356,slope_e357,slope_e358,slope_e359,slope_e360,slope_e361,slope_e362,slope_e363,slope_e364,slope_e365,slope_e366,slope_e367,slope_e368,slope_e369,slope_e370,slope_e371,slope_e372,slope_e373,slope_e374,slope_e375,slope_e376,slope_e377,slope_e378,slope_e379,slope_e380,slope_e381,slope_e382,slope_e383
-0.03898675,0.02311360,-0.00534243,-0.00483192,-0.00373525,-0.00368547,-0.00610060,-0.03742257,0.00248415,-0.00237225,-0.00582985,0.03259422,-0.02089712,0.00228670,0.00426282,0.00196152,-0.00860195,-0.04365997,-0.01725603,0.04604945,-0.00968980,-0.00847530,0.01369695,-0.00229055,0.02339007,-0.00775327,-0.00067322,0.01122448,0.00513595,-0.03106300,-0.01110843,0.04480593,0.01899020,-0.00365025,0.01882165,0.04548933,0.00433463,-0.00384370,0.00289100,-0.01863037,0.01099677,-0.03537880,-0.00079490,0.01310595,-0.02673382,-0.01063355,-0.00737873,-0.01669890,-0.00010505,0.01255193,-0.00149885,0.00434367,-0.01981215,0.00003763,0.01650272,0.03179105,-0.01530527,-0.03138780,0.02242362,-0.01125690,0.00668457,0.01081043,-0.02712008,0.04001583,0.03864560,-0.00013085,-0.01040877,0.05012210,-0.04476032,0.00286748,-0.00310380,-0.02251003,-0.00816582,-0.01224260,-0.01851575,0.01435970,0.03154005,0.02323852,0.04975777,-0.03332305,0.00756730,-0.00999735,-0.00025665,-0.00828615,-0.02155185,0.01675777,-0.00844317,-0.01593015,0.03233130,0.00697400,-0.01966658,-0.01460193,0.04339507,-0.00758290,-0.01842725,0.03082765,-0.02821105,-0.00485927,-0.03409548,0.03765462,0.01905883,0.04493782,-0.00629640,-0.01107562,-0.01987390,-0.01036250,-0.00766925,-0.00011730,0.00848072,-0.02118993,-0.02041727,0.00963050,0.01038898,0.01018427,-0.00301415,0.00528648,-0.03802235,0.00182203,0.04093460,-0.00861550,0.02965742,0.04061742,-0.05407538,0.02889650,-0.03122488,-0.02852183,-0.00850578,0.00000000,-0.00214383,0.01464890,0.04132893,0.00863462,-0.01258728,0.00440830,-0.02171567,-0.00420517,-0.03552347,-0.00718278,0.02538325,0.02215250,-0.00197430,0.00958408,0.00052487,-0.04012063,-0.01464547,0.04180260,0.03124215,-0.00382160,0.02296935,-0.02315078,-0.01013385,0.00696537,0.03212202,-0.02234492,0.00705250,-0.01752910,0.01068245,0.00878820,-0.00615137,0.03340592,-0.01149090,-0.01317088,-0.01024170,0.02987277,-0.03292632,0.00190437,-0.01552715,-0.01630865,-0.01200340,-0.00235788,-0.05815877,0.00923965,0.00879870,-0.01294380,0.05229558,0.01258920,-0.00709428,-0.01673050,0.00530520,0.03328365,-0.03093990,-0.01695902,-0.01628507,-0.01098457,0.00424602,-0.01506448,-0.01577590,-0.02907217,-0.01874015,0.00248477,-0.03530122,-0.00788725,-0.06722502,0.05948340,0.00438590,0.02690017,-0.01045430,0.00325812,-0.02790033,-0.00311868,0.01320307,0.01934367,-0.03202555,0.01490535,-0.01487785,0.00548825,0.06600775,0.03200285,0.00068497,0.00078120,0.00275680,-0.00053883,0.05069813,0.01055948,0.05489738,-0.03151058,-0.00442797,-0.00629392,-0.01796635,-0.00233892,0.00702722,0.01643092,0.00654535,0.00000000,-0.00515940,-0.02136302,-0.01743500,0.03439310,0.00299905,-0.00613853,0.01602295,0.01582288,0.01161638,0.05450150,0.02121015,0.01126372,-0.02459573,0.00525960,0.01225790,-0.01567688,0.02520462,-0.01733535,-0.00179982,-0.01942520,-0.01965698,0.04662165,-0.01490695,0.05443955,-0.00847013,0.03872928,-0.03161860,-0.01624783,-0.03766648,-0.01097652,-0.01214388,-0.02309528,-0.08452462,-0.00711038,-0.00218348,-0.01592848,0.02011822,-0.02712677,-0.00142115,0.01390607,0.02511920,-0.01519385,-0.01157787,0.04142430,-0.00531612,-0.01307148,0.03699775,0.01229765,0.00575808,-0.01191002,0.00180890,0.01886068,-0.03674755,-0.00406923,-0.02470208,0.04572962,0.04435030,-0.00555220,0.02456323,0.00318952,-0.01909227,0.03471633,-0.00121097,-0.00069617,0.02361492,-0.01001095,-0.00907937,0.00457018,-0.01384728,-0.00817310,0.03474587,-0.02644268,-0.04161590,-0.00745822,-0.00496163,0.01747230,0.03118587,-0.02738963,-0.00426397,-0.00593387,0.00267797,-0.00647288,0.01412463,0.00466952,0.01397777,-0.01245985,-0.00319782,-0.05346033,0.01343998,0.01265867,-0.06647557,-0.03935657,-0.00500688,0.00115352,-0.00267165,0.00000000,-0.01354412,-0.00364675,0.00344963,0.00772417,0.02030892,-0.01997270,0.01277068,0.01103603,-0.00118025,0.01542635,0.05287242,0.01134495,-0.04376630,0.00831432,0.00635253,0.01059913,0.01894890,-0.00478607,-0.03178218,-0.00793602,0.01291200,0.04863315,0.00528028,0.00787210,-0.02329860,0.00165035,-0.02678055,0.04326298,0.01475592,-0.00156200,0.02566480,0.02029863,-0.01231432,-0.00516540,0.01266992,-0.00092515,-0.01837787,-0.00209133,0.01202608,-0.00596322,-0.02848420,0.02034970,0.00398147,0.04255978,-0.01961912,-0.03251887,-0.04229085,-0.01121723,-0.00795525,-0.05458385,-0.00888430,-0.00980588,0.01813617,0.01704580,0.05099400,0.00374803,-0.01481097,-0.00540512,-0.02994180,-0.00291405,0.05134468,-0.05296050,0.00005335,0.01349048,0.04969136,0.05507871,0.04006137,0.03876055,0.04237403,0.03070049,0.04703451,0.03738753,0.05501192,0.03367495,0.04153332,0.04941425,0.03900650,0.04495161,0.04484843,0.04195910,0.04388383,0.03565847,0.04584024,0.03876137,0.04775094,0.04216568,0.04493742,0.04240747,0.04849679,0.03131543,0.03878724,0.03376723,0.04131991,0.04157899,0.04598155,0.04223812,0.04311510,0.02675993,0.05014780,0.04516773,0.03904185,0.04291828,0.04847459,0.04078344,0.03347897,0.03217055,0.03610521,0.04165960,0.03878379,0.04724111,0.04816702,0.05147286,0.04830095,0.04941344,0.05152789,0.05112323,0.04088317,0.06320061,0.04419735,0.03982948,0.03935713,0.04227462,0.02665508,0.04106375,0.04429323,0.02480754,0.05691477,0.03683846,0.04762445,0.03797092,0.04078973,0.05867415,0.04514528,0.05995510,0.03681368,0.03985535,0.04045271,0.04570303,0.03712453,0.04667836,0.04641108,0.04298310,0.05194527,0.04245194,0.04366414,0.04257827,0.04478668,0.03492720,0.03495284,0.04180054,0.05521964,0.05350865,0.04321176,0.03509817,0.04897903,0.04928260,0.04678757,0.04925505,0.05079721,0.04096389,0.04685205,0.04605962,0.05509652,0.04544712,0.04738056,0.04382009,0.04156074,0.04559078,0.04855063,0.04421310,0.03871876,0.03785712,0.03984105,0.03263854,0.03677427,0.03067846,0.04127183,0.04192018,0.03407942,0.04772239,0.05254249,0.04010822,0.04571261,0.05267072,0.04099722,0.05174052,0.05135190,0.03750400,0.05587863,0.04524556,0.04932621,0.00000000,0.03536839,0.04979201,0.03417000,0.06753780,0.04299851,0.03387717,0.04447884,0.03954414,0.05550960,0.05117594,0.04468676,0.05380018,0.04106679,0.05084376,0.05262469,0.05260781,0.04678564,0.04061936,0.06321945,0.04854138,0.03804998,0.04938374,0.04345105,0.03623771,0.04927134,0.05126290,0.04296673,0.04091201,0.05478272,0.02068467,0.04251761,0.04172782,0.05955223,0.04227773,0.03854195,0.03322970,0.03490964,0.03750368,0.03848781,0.03457115,0.04859751,0.03513782,0.03675946,0.04076776,0.05421548,0.05269640,0.05049698,0.04197489,0.05334478,0.04385276,0.03647831,0.03120205,0.04284300,0.03983672,0.03626844,0.04350678,0.03960083,0.05222353,0.03827540,0.03902181,0.04663460,0.04674324,0.05468488,0.04856500,0.04987417,0.06105209,0.04765564,0.03282833,0.05026913,0.05152751,0.03872462,0.04387461,0.04917099,0.04578977,0.05588667,0.04204207,0.04843344,0.03888587,0.03657431,0.06472277,0.04256178,0.05233928,0.04618604,0.06124418,0.05727426,0.04512432,0.04184519,0.05691329,0.04599212,0.05196455,0.03259442,0.04524097,0.03644712,0.05174659,0.06544682,0.00000000,0.05814132,0.04771201,0.04617274,0.03864029,0.03470853,0.04749327,0.04445359,0.05765715,0.04512065,0.04071106,0.05372331,0.03520752,0.04531075,0.03997145,0.08620223,0.04918435,0.04363447,0.06425872,0.04066894,0.03934754,0.03755913,0.05149732,0.04342530,0.04486492,0.03990150,0.04214140,0.06246566,0.07589034,0.04666674,0.04110940,0.05022294,0.04910355,0.03941702,0.05069905,0.04349083,0.05404163,0.04853926,0.05183299,0.03385132,0.05516596,0.04337616,0.04644895,0.04502235,0.04822510,0.03684606,0.04109470,0.05478722,0.04732334,0.06058733,0.04818886,0.04284065,0.03151995,0.04807550,0.04321932,0.04825382,0.05283733,0.05223891,0.04835511,0.05316483,0.03555706,0.05284794,0.03968580,0.03964632,0.04775544,0.04443851,0.04381120,0.03878062,0.04396318,0.04324057,0.03583700,0.04333517,0.04299328,0.05211605,0.05829123,0.04438782,0.05124138,0.03799594,0.05165464,0.04345392,0.04688726,0.04915448,0.04559921,0.04208564,0.04037830,0.05197864,0.04712135,0.05431778,0.05519049,0.04475754,0.04172153,0.04114299,0.03939386,0.04877050,0.05516124,0.03614499,0.00000000,0.03820030,0.04894590,0.03914714,0.04075325,0.04450171,0.03918898,0.05188010,0.04252610,0.03960540,0.04107049,0.04272214,0.03764419,0.04756536,0.04607117,0.03589652,0.03760066,0.04392958,0.05718766,0.03325109,0.05822860,0.05288924,0.04273318,0.05558665,0.04224437,0.02874259,0.03692239,0.05162506,0.06047951,0.04135130,0.04454402,0.04102722,0.04059269,0.04409973,0.03533921,0.03935412,0.05622257,0.04531503,0.03076618,0.04288704,0.04028955,0.03751281,0.03053142,0.03462208,0.05141763,0.04501101,0.04620697,0.07295542,0.03627478,0.04442214,0.04228508,0.03866208,0.03473394,0.03456649,0.03698980,0.04012011,0.03870850,0.03129044,0.03415171,0.03942876,0.05130407,0.04736048,0.06092066,0.04872584,0.04168264,0.06516200,0.12326500,0.08053300,0.06078000,0.10208700,0.09138300,0.06601200,0.05899300,0.10801700,0.07798700,0.08539400,0.12425900,0.05182900,0.07675100,0.09860100,0.07579800,0.09724500,0.02789500,0.09941600,0.13869700,0.08404100,0.09802500,0.09440200,0.09132600,0.14827300,0.06415700,0.09369300,0.07952900,0.09126600,0.04999100,0.08961000,0.13098200,0.12717500,0.05609300,0.16645600,0.12759900,0.12312600,0.08809000,0.10351100,0.08356900,0.08656600,0.03476700,0.07684500,0.08198200,0.07357700,0.07513700,0.07006200,0.07793300,0.11125300,0.12961900,0.13062300,0.10702800,0.06048600,0.10648400,0.10725700,0.12120300,0.09784000,0.04551400,0.07421400,0.06534600,0.09498400,0.05940500,0.09047200,0.12463100,0.12306200,0.06710000,0.08237000,0.18594800,0.02887500,0.13699700,0.07672600,0.07994400,0.09677900,0.08619000,0.05542400,0.12443300,0.10979000,0.11168900,0.18407800,0.06684700,0.09778300,0.08001400,0.11935100,0.05578200,0.04820300,0.09093600,0.11645700,0.17688800,0.11877300,0.08309700,0.07758000,0.09293900,0.12903600,0.09408300,0.12988100,0.10733000,0.10796000,0.08534600,0.08629400,0.14749200,0.12210500,0.14941100,0.06581400,0.09007400,0.06666600,0.08109300,0.07314900,0.09389000,0.10354600,0.04929900,0.06715800,0.07831700,0.11006400,0.15267400,0.05978700,0.12404200,0.06952200,0.09407600,0.12889900,0.09743900,0.13683900,0.12159700,0.06124100,0.09597400,0.11112200,0.07946600,0.13882000,0.00000000,0.08317400,0.12813400,0.13359700,0.15723900,0.07574100,0.09782100,0.06477300,0.08063300,0.07369700,0.14268900,0.10686800,0.12429100,0.09956600,0.13414400,0.08667000,0.06268900,0.07350300,0.12758800,0.13754100,0.12340800,0.19073900,0.07810600,0.07689000,0.07121600,0.12858800,0.08954000,0.15791400,0.05928700,0.11425100,0.04627900,0.06383300,0.12864800,0.14716300,0.06859600,0.07800500,0.09349600,0.03645700,0.12289000,0.08677900,0.05140500,0.05897600,0.08123400,0.01766500,0.09924900,0.10742300,0.11639700,0.19427000,0.08582000,0.08828800,0.08055700,0.08565000,0.09294500,0.08028600,0.04607600,0.05321200,0.12722700,0.06786500,0.06877300,0.05748800,0.06422800,0.09749100,0.10817700,0.07799600,0.10392600,0.04672400,0.20754600,0.11105000,0.09470700,0.06460300,0.08573200,0.04241100,0.07448400,0.10317600,0.08902800,0.08416900,0.11815800,0.07003800,0.08795600,0.14544200,0.16075300,0.08858600,0.10054100,0.08890900,0.14888000,0.17054700,0.09445400,0.11901600,0.10177500,0.09229500,0.11469300,0.05591900,0.07144600,0.08987700,0.13726500,0.15589000,0.00000000,0.11750500,0.07249000,0.05905400,0.11764400,0.07460300,0.09283700,0.10530800,0.12824000,0.12561300,0.14820600,0.13687000,0.08701300,0.04516300,0.06788300,0.18309800,0.06843200,0.10113400,0.14051600,0.08718000,0.05930300,0.04821100,0.19986700,0.09252500,0.17507900,0.07173400,0.13863000,0.06609300,0.14963700,0.05380900,0.07405600,0.09502300,0.08875800,0.00633600,0.08939700,0.06575800,0.11402400,0.18665300,0.07896200,0.07406800,0.13620600,0.11657400,0.06229600,0.07321400,0.15137500,0.12736300,0.07769400,0.13283700,0.10257200,0.15890700,0.08406000,0.09109800,0.10033500,0.03488100,0.09829100,0.10325100,0.13485600,0.14596000,0.09435700,0.10640500,0.09014100,0.08412800,0.10566900,0.08418700,0.10438500,0.09918800,0.07614300,0.06900200,0.08986300,0.06733900,0.09936900,0.12575300,0.04580200,0.07201500,0.11167700,0.10817700,0.13414000,0.12375500,0.10898300,0.08133400,0.11227000,0.12390200,0.09504400,0.11450700,0.08180000,0.14262400,0.09616200,0.09636300,0.05320400,0.09253000,0.09229400,0.03896700,0.04075400,0.09646500,0.10817000,0.07211000,-0.00000000,0.09495800,0.09433000,0.09772800,0.09408800,0.10581200,0.08181500,0.12793800,0.08520000,0.07194000,0.12890700,0.12103100,0.09711300,0.08113500,0.09775400,0.08339700,0.10768500,0.09317500,0.12781600,0.03689500,0.13281600,0.10632100,0.13955700,0.08389000,0.10070600,0.05486100,0.07954700,0.07459800,0.15292700,0.10675600,0.11246200,0.09179800,0.12493000,0.07695000,0.06302500,0.09715600,0.13104100,0.07082600,0.05847500,0.09682100,0.07037400,0.03924400,0.10832700,0.06855500,0.17147400,0.11707700,0.07056600,0.09630300,0.05711500,0.08743000,0.02948800,0.08877000,0.04582400,0.11586500,0.07936700,0.13020500,0.09492000,0.03907500,0.05101000,0.06328400,0.10176800,0.17309200,0.07951400,0.09333300,0.13594700,-0.14869800,-0.06969200,-0.09297000,-0.08946800,-0.08361000,-0.08715600,-0.12597600,-0.14650700,-0.10220200,-0.09184700,-0.08222500,-0.06968500,-0.09404500,-0.11142100,-0.07833400,-0.08427100,-0.08792500,-0.12842700,-0.08458700,-0.02699700,-0.09470800,-0.11476100,-0.06937300,-0.10676600,-0.08163700,-0.06824200,-0.05952900,-0.06289200,-0.07638100,-0.12697000,-0.11948200,-0.06070600,-0.09926000,-0.07329100,-0.08548900,-0.05218000,-0.07956600,-0.08985600,-0.09106700,-0.11831000,-0.06374500,-0.10129500,-0.10214900,-0.08525700,-0.12286300,-0.11342100,-0.10197300,-0.13050300,-0.09803200,-0.08990800,-0.09405400,-0.10701000,-0.08711400,-0.15201100,-0.07751900,-0.06467800,-0.09895100,-0.14181100,-0.03493600,-0.10590800,-0.11606500,-0.03336000,-0.14077000,-0.04613600,-0.14403600,-0.09452000,-0.07062500,-0.09030800,-0.16468400,-0.09559400,-0.08753300,-0.13951100,-0.07500000,-0.11288000,-0.12385700,-0.09411400,-0.06064400,-0.06210700,-0.05250600,-0.12030400,-0.12381300,-0.09105000,-0.07277100,-0.07888500,-0.09565800,-0.06488500,-0.12759800,-0.10748900,-0.06003500,-0.08481000,-0.13483700,-0.11126900,-0.02953400,-0.10366200,-0.10024800,-0.05519900,-0.14962500,-0.09247700,-0.14134600,-0.04464300,-0.06203300,-0.02699900,-0.14015100,-0.09015000,-0.09926000,-0.09154400,-0.07343300,-0.08475400,-0.07343300,-0.07692400,-0.09844800,-0.05209200,-0.05544900,-0.04839400,-0.08797700,-0.11925500,-0.17781700,-0.06607000,-0.08304400,-0.13147700,-0.05751500,-0.05942600,-0.15407200,-0.06513000,-0.17133200,-0.12822900,-0.08786700,-0.00000000,-0.09392000,-0.12198300,-0.02648400,-0.12773000,-0.08848900,-0.08425200,-0.11190900,-0.07693300,-0.15134300,-0.11308400,-0.06426500,-0.10278900,-0.07363400,-0.11883900,-0.12388700,-0.13416200,-0.14412500,-0.06301200,-0.09482900,-0.10784800,-0.03660600,-0.17050700,-0.09274900,-0.08340400,-0.05775000,-0.15809600,-0.07641600,-0.08893700,-0.12572900,-0.03869500,-0.11407900,-0.03927700,-0.10685500,-0.09052100,-0.09048600,-0.05072900,-0.11988000,-0.07297400,-0.09169100,-0.09256600,-0.14847400,-0.08775600,-0.13805300,-0.06509300,-0.11738400,-0.16248400,-0.03841100,-0.09470000,-0.10635300,-0.11005700,-0.09742000,-0.02912700,-0.12119500,-0.10452800,-0.12595400,-0.10338200,-0.09053600,-0.13083100,-0.10264300,-0.10213500,-0.11128700,-0.13353100,-0.14850100,-0.11433500,-0.17700400,-0.05560500,-0.07812100,-0.03359900,-0.09683700,-0.12707900,-0.11273300,-0.10083100,-0.09900500,-0.07539300,-0.13541600,-0.07129000,-0.10754800,-0.05879500,-0.01938700,-0.08685800,-0.09213600,-0.10556200,-0.08769900,-0.11306000,-0.07541900,-0.07121400,-0.04920600,-0.12470200,-0.09511300,-0.10950200,-0.09566800,-0.08431100,-0.05944200,-0.07862000,-0.11511800,-0.00000000,-0.11145300,-0.09463600,-0.12306000,-0.03991400,-0.07849700,-0.10096700,-0.07499200,-0.12095000,-0.09998700,-0.04217700,-0.09752200,-0.05967700,-0.14759600,-0.07743000,-0.18139000,-0.13148900,-0.07408100,-0.12388100,-0.08887700,-0.08830500,-0.12221900,-0.07376600,-0.12321000,-0.02661100,-0.10295600,-0.02911000,-0.17322100,-0.13109100,-0.12072000,-0.15838000,-0.12535000,-0.18842900,-0.16699900,-0.09825100,-0.09985600,-0.14950500,-0.08237300,-0.15098500,-0.09798200,-0.09963100,-0.05950700,-0.12434300,-0.13895000,-0.07528100,-0.08145800,-0.08969200,-0.06309800,-0.08762300,-0.15378200,-0.12283400,-0.08657800,-0.02716300,-0.15548300,-0.11326400,-0.13424500,-0.06115000,-0.05415100,-0.10479100,-0.10727300,-0.08114500,-0.15824600,-0.04723600,-0.08379000,-0.08963000,-0.07202900,-0.10554100,-0.09619100,-0.09114700,-0.09751500,-0.06976800,-0.08509500,-0.15287600,-0.13060500,-0.11297000,-0.08260500,-0.11753200,-0.03590900,-0.12768300,-0.11129300,-0.08671500,-0.07107600,-0.09615800,-0.08267100,-0.08914800,-0.08868800,-0.12688200,-0.14129600,-0.19202300,-0.09933300,-0.08291700,-0.16089100,-0.10943300,-0.10589600,-0.12036700,-0.09099800,-0.00000000,-0.07105900,-0.09512300,-0.07805600,-0.08570000,-0.06434700,-0.09428800,-0.10534800,-0.07589300,-0.08454800,-0.06326400,-0.05253900,-0.05897400,-0.13138000,-0.08786900,-0.08908600,-0.06454800,-0.07230100,-0.10828700,-0.09060200,-0.12620200,-0.15064600,-0.03392400,-0.09749700,-0.07893400,-0.07581100,-0.07965200,-0.14013100,-0.11511600,-0.07573000,-0.08257300,-0.08896600,-0.06424100,-0.12981700,-0.10201200,-0.07110000,-0.09527100,-0.12135000,-0.07648300,-0.08197800,-0.10222300,-0.12843100,-0.05095400,-0.06423300,-0.06237700,-0.09876800,-0.12465100,-0.21277600,-0.08444600,-0.08339900,-0.17560900,-0.07966800,-0.08497600,-0.06679900,-0.06300300,-0.05808600,-0.06479200,-0.09953400,-0.10007000,-0.09305900,-0.13795600,-0.03471000,-0.19385700,-0.08926200,-0.07532400,-0.09667100,0.11576200,-0.04586000,0.00688800,-0.04916400,-0.01887000,-0.06104500,-0.04937900,-0.00040500,0.00117300,0.08539400,-0.00406500,0.04074300,-0.09341500,-0.00614700,0.04256800,-0.05467500,-0.03240900,-0.07779000,0.01113800,0.00957100,-0.03476000,-0.05585500,0.02203700,0.01425300,-0.01303100,0.05487700,0.07952900,0.06971800,-0.06207700,-0.05025000,0.03095200,0.05688000,0.02826900,0.01236500,0.11237100,-0.01554100,-0.01202300,-0.09106700,-0.04009200,0.01830800,-0.02119400,0.01732300,0.00362600,-0.01197900,0.03774100,-0.10197300,0.00438000,0.01958300,-0.07843200,-0.02503300,0.04866300,-0.07769000,0.10648400,0.03128400,0.00844600,-0.09895100,-0.04714600,0.00954300,-0.01749300,0.02362100,-0.00040400,-0.06842200,0.05697600,0.05262400,0.03339300,-0.02671700,0.02218800,0.01307600,0.06781500,-0.04040900,-0.06443100,0.00078700,0.02480500,-0.02601300,-0.00744000,-0.02978200,0.04167700,0.02193800,-0.04305000,0.02766600,0.01024100,-0.05957700,0.00654400,0.01503800,0.08943900,-0.07789400,-0.02508700,0.08958500,0.06687200,-0.02339800,0.02149200,0.12493500,0.01142600,-0.04505900,-0.00450500,-0.00329900,0.02503800,-0.07052300,0.10604500,0.05664900,0.05708300,-0.02873600,0.09007400,-0.07417600,-0.06612200,0.03030700,-0.00967700,-0.03452300,-0.05415200,-0.06692900,-0.02089200,0.00826000,-0.01848300,-0.01440000,-0.05127700,-0.02095800,-0.03574200,0.07080800,0.05080200,-0.02358800,-0.05532900,-0.14894600,0.08275300,-0.06533400,-0.01638200,0.02878900,-0.00000000,-0.00830000,-0.00776700,0.03259700,-0.07110800,-0.02920000,0.02575200,-0.09370700,-0.05769400,-0.06339300,0.00575100,0.09072900,-0.02188600,0.00178100,0.01300100,-0.00246000,-0.08640900,0.05793800,0.07621200,-0.06291500,-0.01493900,0.03152800,-0.02532000,-0.05205600,-0.00860900,-0.04299700,-0.00661600,-0.02463800,-0.05406800,-0.00613800,0.02696000,-0.01217400,-0.02558700,0.00404900,0.03764800,0.00733800,0.02336300,-0.04623700,0.03491400,0.01633600,-0.01053000,-0.02895000,-0.02262600,-0.05748400,-0.01545100,0.03367200,0.02218500,0.02719200,0.02111800,-0.02677700,-0.06191000,0.03800900,0.09294500,0.00039800,0.03288800,0.02522000,-0.03449500,0.06175300,0.04234000,-0.04521300,-0.01986600,-0.05599500,0.04415500,0.06005700,0.00170000,0.00514600,0.01642400,-0.04309100,0.02417300,0.04261100,0.02760000,-0.04289000,0.06995700,0.04225800,0.08902800,-0.13280700,0.01500900,-0.09052800,0.01414200,0.09228900,0.10586900,0.00500100,0.06108000,-0.08769900,-0.06748100,0.02785700,-0.06493000,0.00181500,-0.09330900,-0.00288000,-0.04222700,-0.03559700,0.07144600,-0.00209700,-0.05266100,0.00642100,0.00000000,0.05894800,0.02273400,-0.06109300,0.06478900,-0.01189100,0.09283700,0.06740700,0.05366900,0.03960900,0.10922300,0.05517900,0.02909400,-0.00864700,-0.05001800,0.14411900,0.06843200,-0.03535600,0.08401900,-0.03425500,-0.02290000,-0.00079900,0.01407700,0.00150500,0.04820200,-0.01283400,-0.01120900,0.05990100,0.12411400,-0.05460900,-0.02491900,0.09502300,-0.00453500,-0.11424300,0.03207200,-0.00392000,-0.05079300,-0.04951800,0.03060900,0.01997800,-0.00787800,0.06940000,0.04720200,0.01219100,0.04106400,-0.03038500,0.03158400,-0.03661500,0.01754100,0.08884900,-0.12283400,0.04325600,-0.01028400,-0.00229600,0.02395600,-0.05530600,0.08223600,-0.01655100,0.09435700,0.03153100,0.00411900,-0.01833900,-0.04723600,0.00977300,0.01198400,0.04458900,-0.08002600,0.00614800,0.02358200,-0.07201500,-0.03231200,0.04400500,0.04580200,-0.07673000,-0.09991500,-0.05474400,0.01095000,0.03223500,0.01111600,-0.03459400,-0.06203800,-0.03138100,0.02708600,-0.01646600,0.01927000,-0.01804800,0.01548300,-0.03258100,0.00709600,-0.02453100,-0.00560700,-0.02336900,0.01874900,-0.03936900,0.08742500,0.02525900,-0.00000000,-0.02799900,-0.07036400,-0.02419800,-0.02297200,0.04503800,-0.03058600,-0.05228400,0.00257500,-0.05306100,0.00394700,0.08791800,-0.05267500,-0.05572600,0.00048500,0.00468000,-0.03078700,0.07802500,0.01898900,-0.00078300,-0.05543800,0.09688600,0.00410300,0.07639700,0.05614600,-0.04727500,0.04570600,-0.05788000,0.10219500,0.04102000,-0.05973500,0.05859900,0.00760800,0.03627400,-0.01163700,0.04941900,0.10055000,-0.00147100,-0.00024100,-0.01109700,0.01700600,0.02048100,0.03087800,0.02030000,0.01923300,-0.05845300,-0.05672400,0.07009000,-0.07622400,-0.04956700,-0.10828500,-0.01399600,-0.00599700,-0.00715600,-0.06300300,0.04733500,-0.02082600,0.02330700,0.02416300,-0.02363500,0.04738000,0.12679200,0.02194900,-0.05788300,0.03399400,-0.09854600,0.01275100,0.02189700,-0.08300000,-0.04111400,-0.02246100,0.03362100,0.02523100,-0.04672300,-0.06278500,-0.01548600,0.01739500,-0.04937900,0.01147000,-0.00634100,0.00292700,-0.03013600,-0.06196100,-0.08458700,0.05832300,-0.03776800,0.00919500,-0.05034600,-0.05963300,0.00581300,-0.04638600,-0.00994300,0.01838900,0.03551300,-0.07457400,-0.11948200,0.08892300,0.07001600,0.00254900,0.03693600,0.03657200,-0.00022500,-0.06819000,-0.04451100,0.05220900,0.00857300,-0.00333700,-0.02228700,0.02825800,-0.02861000,0.01803300,-0.04839300,0.00616800,0.11125300,-0.02121600,-0.02871200,-0.04351400,-0.02858300,0.01649300,0.00173200,0.10470900,0.09784000,-0.02003400,0.00033700,-0.03384200,0.03026100,0.03544100,-0.02668900,0.04072500,-0.14403600,0.02205100,-0.04253600,-0.05025000,0.02152400,-0.03260600,-0.03925200,0.02644600,-0.02180500,-0.03446300,0.00616300,0.08654800,-0.06064400,-0.05582300,0.09428800,-0.04145100,0.02984900,0.00143600,-0.04033400,-0.03640100,0.01158300,-0.02111500,-0.00036000,0.04737800,0.05116400,0.00683800,-0.06619100,0.09293900,-0.00052500,-0.04010400,-0.05241200,0.00932200,-0.03973200,-0.05157500,-0.07363200,-0.02894300,-0.04380200,0.04752100,-0.05215400,0.00876900,0.00910300,-0.01095000,-0.05320500,0.03042300,-0.00800600,0.00788400,-0.00141600,0.03372300,0.03330600,0.00078600,-0.01614100,0.08038800,-0.02277500,0.03371900,0.11483600,-0.04500700,0.05774800,0.05726800,-0.06417900,0.01033500,-0.02963200,-0.04448100,0.13882000,-0.00000000,0.03683700,0.08651100,0.09479100,0.06075500,0.03745300,-0.07164200,0.00332900,-0.06340600,-0.10966200,-0.01521100,-0.02906900,-0.01171700,0.09956600,-0.04773800,-0.11583800,-0.01975900,-0.01791400,0.03275500,-0.05655900,0.07453900,-0.01820100,0.01372100,-0.06500000,0.06456800,0.03234700,-0.05765700,0.01215300,-0.05099500,0.11425100,0.01306600,-0.02906300,-0.03927700,-0.03827900,0.06859600,0.07800500,0.03405300,-0.02150300,-0.02256800,-0.09169100,-0.09256600,-0.02265300,-0.01995200,-0.04257300,-0.00788800,0.04391500,-0.06282500,-0.00779300,0.05377700,0.07871200,0.03786900,-0.08404500,0.04249200,-0.03027500,0.02572000,-0.04410600,-0.04425100,-0.00106200,0.06877300,-0.02981800,-0.06691700,0.02423300,0.00148400,-0.09118500,-0.02055900,-0.04113300,-0.03519400,-0.06831300,-0.02589800,0.01806500,-0.02918600,-0.00988600,0.06337000,0.10317600,0.08784600,-0.03323900,0.06931700,-0.00519300,-0.01237400,0.11201800,0.06213900,0.06181300,-0.01109900,-0.06040100,-0.06409700,0.06710100,0.05962500,0.04247300,-0.05286300,-0.09511300,0.11469300,-0.06297700,0.03237800,-0.00536000,0.03421400,-0.07315400,0.00000000,0.03531100,-0.01931000,0.02405500,0.00428100,0.03985600,-0.00707000,0.01865900,0.05564600,-0.00964200,0.00276600,0.07153200,0.07872100,-0.08324100,-0.06441600,-0.01357500,-0.01037600,0.02477300,-0.02360800,-0.04728300,-0.01094700,-0.00962800,0.08352800,-0.02652000,0.02075100,0.02090900,0.01570000,-0.00170500,0.06193900,0.05380900,-0.07815800,-0.02655200,0.00959100,-0.07088400,0.08939700,0.01092200,0.04217600,0.18665300,0.02045900,0.04521500,-0.03276900,-0.01203000,-0.00717700,0.00383200,-0.04038300,0.00319600,-0.00229600,0.08063200,-0.07546300,-0.15378200,0.03027300,-0.03536500,0.04010000,0.00352100,0.06845100,0.02247500,0.03209300,0.04335300,-0.10270200,0.02442200,-0.01913700,-0.05146600,0.04676300,0.01514300,-0.04159900,0.09918800,-0.01885100,-0.02177300,-0.02222100,0.04149600,-0.01409300,-0.08509500,0.02392000,0.01780800,-0.02651800,0.03302500,-0.06836300,0.01203500,-0.06092400,-0.02062800,0.04706900,0.01311900,-0.01172200,0.04800000,-0.01304700,0.02799400,0.05879600,0.08093100,0.05320400,0.01549900,-0.00460400,-0.06267500,-0.02125900,0.08150200,-0.02880400,-0.00505700,-0.00000000,0.06789000,0.07895600,0.01802800,0.07360600,0.04204000,-0.03580400,0.00177400,-0.01474200,-0.01239400,0.04481900,0.09008600,0.01655600,-0.05934100,0.00294300,0.04851600,-0.01064300,0.01260700,0.03127100,0.02456900,0.00858300,0.00251600,-0.03392400,-0.05519100,0.03569200,-0.00033700,0.02981400,-0.07269800,0.05851500,0.01477600,-0.04546100,0.00286000,0.09848700,-0.04608200,-0.00784400,-0.00729000,-0.08519200,-0.04647800,-0.06012800,0.03874400,-0.04774500,0.03351500,-0.01522500,-0.02750900,0.06714700,0.07306100,-0.04968200,0.02661400,-0.03248400,-0.00991100,-0.01306400,0.04593800,-0.00630000,0.06715600,0.00176000,-0.05808600,0.04671400,0.01803700,-0.00745800,0.02978700,0.05154700,0.01592200,0.03876400,-0.08926200,0.09998100,-0.02176931,-0.02407934,0.01692055,-0.05425365,0.01150393,0.02668717,-0.03478077,0.04096441,-0.02392506,0.02277131,-0.01543137,0.02212066,-0.05959446,0.01609791,-0.00671123,0.00488412,-0.01734329,-0.02577797,-0.00462221,-0.03792699,0.00930965,-0.01314992,0.03168170,-0.02759508,-0.00064606,-0.00486077,-0.01070321,-0.00625075,0.02457983,0.00209869,-0.03928147,0.04714569,0.02267532,-0.02271998,-0.03106963,-0.00316585,0.01496765,-0.02139561,-0.01435629,0.03687753,-0.00871197,-0.02046364,-0.00400272,-0.00363198,0.00845191,-0.06891143,0.01426769,-0.00665423,0.00094742,-0.00557236,-0.05544235,-0.07227398,0.02936366,-0.02339141,-0.03443470,0.01585994,0.03610950,0.00897565,-0.01593625,-0.02483370,-0.02959993,0.00833620,0.01218608,0.01025389,-0.01029830,-0.02090950,0.01046977,-0.04018864,0.02242107,-0.02678981,-0.01933914,0.03237893,0.00601412,-0.02594908,0.00424504,0.01001827,-0.05284797,-0.01127224,0.03756945,-0.02001423,0.01990215,0.00735922,-0.01400328,0.00040910,-0.00785930,-0.01260985,0.01258865,-0.01260892,-0.03205743,-0.02789257,0.01922051,0.05510881,-0.02987423,0.00866371,-0.02747930,0.02259180,-0.03887603,0.00518635,0.01779476,-0.03669386,-0.04617798,-0.02092011,-0.02099084,-0.02492739,-0.02502781,-0.01477525,0.00404969,0.03192895,-0.01507209,0.03269487,0.02174865,0.02396223,0.01277622,-0.01835262,-0.00190687,0.04156205,0.02693463,0.03620127,0.01099614,0.00013675,0.04828672,0.03078743,0.02710271,-0.03636493,0.00743593,0.01830529,0.04381948,0.00000000,-0.00989306,0.03165169,0.01459702,0.09562856,-0.02155463,-0.03847303,0.02358431,0.03811492,-0.01027994,-0.02264663,-0.04522306,0.00815913,0.04104919,-0.03065501,-0.05510506,-0.05898892,0.00635940,0.04007797,-0.01698021,0.06497260,0.02741134,0.00634295,-0.01431622,0.00750259,0.05677052,0.04880242,0.03751430,0.03383843,-0.00918839,0.01735537,-0.00564068,-0.02242319,-0.06904148,-0.00995054,-0.02047532,0.00342615,-0.01249069,-0.02537296,0.00184998,-0.03294305,0.01663992,-0.00945197,-0.03167822,0.01350131,0.01296438,-0.03329616,-0.00356089,-0.01967608,0.06231715,0.02227179,-0.01869462,-0.01590605,-0.00784330,0.03222610,-0.00547871,0.04415891,-0.02336009,-0.02706133,-0.00403690,0.00685372,0.05402214,-0.02438378,-0.04821083,-0.00956121,-0.01815594,0.02115412,-0.01514791,-0.03427251,0.01731499,0.01087217,0.01046077,-0.01121397,0.04752499,-0.00606219,0.00853908,0.02231371,-0.01984840,0.00102398,-0.01242170,0.02169438,0.01473474,-0.00136886,-0.01215140,-0.02741135,0.03664010,-0.02967626,0.02101235,0.04256825,-0.03918267,0.06130841,0.01674943,0.00806439,0.00282729,0.05405744,0.04873209,0.00000000,0.00340668,0.04313727,-0.02910547,-0.02268767,0.00999550,-0.02406265,-0.04769197,0.00464674,0.02297400,-0.03454072,0.00183615,0.02802703,-0.01831038,0.00511970,-0.07084541,-0.01804868,-0.02135332,-0.06618075,-0.02280913,0.03132419,-0.01521029,0.01029667,-0.05410305,-0.02368897,0.01922367,0.01242132,0.01837433,-0.01656976,0.05553355,-0.02503827,-0.02434320,-0.07090503,-0.01100933,-0.00423709,0.04753015,0.02658000,0.04971590,-0.03745508,0.01952959,0.03059899,0.01938361,-0.00983193,-0.01617873,-0.04721630,0.00504499,-0.01114544,0.06009330,0.00570616,-0.07276405,0.02543165,0.00784005,0.02467374,-0.02138299,-0.00251380,0.04474953,0.03575580,-0.04317931,-0.03079820,-0.03716426,0.00603690,-0.04427566,0.02638073,0.03572288,-0.03839680,0.05689785,-0.00671328,-0.00530380,-0.01408057,0.04729655,0.02645731,-0.01000974,0.04612708,0.03893411,0.05397367,-0.00776925,-0.04940949,0.01302038,-0.04902343,0.00919878,0.02447379,0.01395008,-0.00537481,0.01712033,-0.04200700,-0.04690036,0.05117332,0.02170888,0.00750046,0.00138360,0.02255419,-0.03444037,0.00496808,0.00979875,-0.03243316,0.01192387,0.00000000,0.02371981,0.03206448,0.00436428,0.00002698,0.03380300,-0.00599504,0.01313811,-0.04625043,0.00779265,0.00385285,0.01667618,0.03351509,0.04392258,0.02520323,0.01084605,-0.00792469,-0.00159858,0.03967484,-0.00419572,-0.04119132,-0.03400758,-0.00408841,-0.05785056,0.01177501,-0.01040821,0.00248035,-0.03119590,0.01347785,-0.05271821,-0.03522139,-0.03119612,0.03209259,-0.00297095,0.02132605,-0.01632119,-0.01386743,0.00510829,-0.00667674,0.04430329,-0.02230839,0.03404186,0.00249579,0.01763733,0.05115187,0.04155542,-0.01033089,-0.02530615,0.00471592,-0.03052276,0.01376474,0.00969053,0.00349098,0.01543135,0.03915964,0.00688861,0.03277944,-0.00352132,-0.01113847,0.02205356,0.01593041,-0.02994055,0.01193295,-0.00128254,0.06071864
